10212
105200
112304
116880
1180
118908
124620
126484
127276
128088
130984
139524
146716
148020
15340
154944
159012
160340
164544
168416
173168
178208
179036
18096
184436
184940
188380
189856
194776
194976
203080
203424
204776
205212
207420
212700
216604
217856
218424
22212
227536
23252
232956
233852
238320
244564
250768
25108
252668
255956
260452
26368
26372
265664
266092
268952
271696
275168
279112
281088
284684
287344
28792
28836
29004
29024
29168
29468
304292
31208
34740
35212
35764
37088
39176
40448
41868
44900
45820
46332
47180
48120
49052
49176
492
50284
50368
50972
52492
55344
55876
56012
56396
60176
62904
68488
68952
72828
74804
75348
83956
97488
